type_decomp,group_old,var_y,var_worker,var_firm,2*cov_worker_firm,var_resid
levels,overall,5.32799139288746,2.0010247551287,1.70438245666736,0.622646297913442,0.999937883177958
levels,1,5.3177942726064,1.99393052989882,1.67593851847309,0.627187311188092,1.0207379130464
levels,2,5.33348622110059,2.01891075898024,1.69031163971473,0.623508293357618,1.00075552904799
levels,3,5.37352678920889,1.98423515179926,1.7201345245892,0.653395454245226,1.0157616585752
levels,4,5.29613788986995,1.99918441729779,1.6930523782563,0.615035205235302,0.988865889080557
levels,5,5.3069601639703,2.01219392494001,1.68955205599847,0.598088714638711,1.0071254683931
levels,6,5.29370655742698,2.03404002320174,1.69465761908805,0.606381310580928,0.958627604556261
levels,7,5.41803254332458,2.02215415551417,1.71423358071244,0.668185202167848,1.01345960493012
levels,8,5.29558669150254,1.99191766033383,1.69505900459791,0.61526800612617,0.993342020444636
levels,9,5.30206825044495,2.02156420403817,1.70079820332934,0.592844746504285,0.986861096573161
levels,10,5.25284194521416,1.99023102454187,1.67478714765376,0.602749056415741,0.985074716602794
levels,11,5.41271961713513,2.0436092871268,1.73219238018969,0.635582246658822,1.00133570315981
levels,12,5.32882831971207,1.99548640871125,1.71449787944114,0.6426051436471,0.976238887912571
levels,13,5.34322145636776,1.98917987939387,1.68581388986558,0.642369641088636,1.02585804601968
levels,14,5.31177335668194,2.01529717049705,1.68866560570863,0.592341789711634,1.01546879076463
levels,15,5.29494715792611,1.98831050781826,1.70352550366376,0.61558655331839,0.987524593125697
levels,16,5.33708387119596,2.0137912772154,1.71472613062395,0.576600671611052,1.03196579174556
levels,17,5.30183550803408,1.99893679301734,1.71445109869719,0.58764095078105,1.0008066655385
levels,18,5.34379668008639,2.01215329542675,1.69214534032323,0.644080833112565,0.995417211223847
levels,19,5.29566080773202,2.01976193802646,1.68731774508075,0.627754566248268,0.960826558376544
levels,20,5.32828421444863,2.00682516291108,1.73118648198368,0.59562276110509,0.994649808448782
levels,21,5.35106414451046,1.98119459005749,1.71239745881546,0.615191879830335,1.04228021580719
levels,22,5.34337411442006,1.97696472901891,1.71695784504507,0.631402321405683,1.0180492189504
levels,23,5.33233846276926,2.00125182953722,1.71963384000735,0.608420983794582,1.00303180943011
levels,24,5.39404383467717,2.02249217839579,1.70984839452386,0.651573319416727,1.0101299423408
levels,25,5.30312642290081,1.99605740276958,1.70270334880132,0.602416041542561,1.00194962978734
levels,26,5.30299194500636,1.99319718925547,1.70522176850899,0.635946772932096,0.968626214309801
levels,27,5.28674301080007,1.97804659482317,1.70814211014418,0.614661747574332,0.985892558258387
levels,28,5.2686535650837,1.99181901420042,1.71374279844563,0.579619241431866,0.983472511005781
levels,29,5.3535101930059,2.01119822942062,1.7076514151107,0.644211039817805,0.990449508656782
levels,30,5.33895662613387,1.99031490360894,1.68307605096238,0.65428094758305,1.0112847239795
levels,31,5.34926458832782,2.00800123714692,1.72641770630275,0.615136115664686,0.999709529213463
levels,32,5.36199988949682,1.97389831714739,1.69598811084553,0.660021890284842,1.03209157121906
levels,33,5.28730469557613,1.9952546264544,1.68933503400516,0.582476712194392,1.02023832292218
levels,34,5.41550140421861,2.00512988928178,1.70632374821242,0.676525245537661,1.02752252118675
levels,35,5.32220699397424,2.01325914883,1.70885873853692,0.603794982702172,0.996294123905153
levels,36,5.3517642316072,1.9904965145823,1.70831098205081,0.650688951796459,1.00226778317763
levels,37,5.28478014663756,1.9950746835247,1.69256788161388,0.604253561020599,0.992884020478376
levels,38,5.38814444443629,2.01495902198702,1.72031300955581,0.611783912565273,1.04108850032819
levels,39,5.33394686512143,1.99795784772526,1.70790720353921,0.626794358522864,1.00128745533409
levels,40,5.43079015787873,2.02033179848896,1.74154820737146,0.651239012897652,1.01767113912066
levels,41,5.34400707103688,2.01209376039427,1.71274995379861,0.615097370077758,1.00406598676624
levels,42,5.28740196872697,1.98704400715407,1.68212605045892,0.576476412218834,1.04175549889514
levels,43,5.3767975466209,1.98532215872563,1.73235824518593,0.655040602144575,1.00407654056476
levels,44,5.22363880829364,1.97814788151522,1.70278028328538,0.586728281447481,0.955982362045564
levels,45,5.26609597206124,1.98339903967127,1.70063807483625,0.648678148380482,0.933380709173234
levels,46,5.28567336952831,2.00016427562438,1.68436510582082,0.627286123485581,0.973857864597532
levels,47,5.36587353496029,2.0175364817883,1.70307423946667,0.646056713891432,0.999206099813891
levels,48,5.33424441579179,2.02614798198995,1.70494637184558,0.607213717988159,0.995936343968104
levels,49,5.342589537319,1.97844007848879,1.71403202508108,0.665034363849671,0.985083069899453
levels,50,5.28559811873447,1.97460260193897,1.69099148713875,0.622436107005001,0.997567922651752
percent,overall,1,0.375568316007406,0.319892118996778,0.116863232689271,0.187676332306545
percent,1,1,0.374954431797066,0.315156704558197,0.117941251397958,0.191947612246779
percent,2,1,0.378534916054143,0.31692434734854,0.116904453768131,0.187636282829185
percent,3,1,0.369261237477033,0.320112766171293,0.121595272504712,0.189030723846962
percent,4,1,0.377479676486837,0.319676793441244,0.116129001552564,0.186714528519355
percent,5,1,0.379161301907085,0.318365317205333,0.112698926722537,0.189774454165046
percent,6,1,0.38423739607327,0.320126852651187,0.11454758664894,0.181088164626602
percent,7,1,0.373226653650432,0.316394109301633,0.123326169938034,0.1870530671099
percent,8,1,0.376146738099882,0.320088991710371,0.116185050301121,0.187579219888626
percent,9,1,0.381278419769213,0.320780141445106,0.111813865552284,0.186127573233397
percent,10,1,0.378886523771224,0.318834483337092,0.114747228776777,0.187531764114907
percent,11,1,0.377556834951753,0.320022558476162,0.117423826027631,0.184996780544454
percent,12,1,0.374470012728629,0.321740123077146,0.120590325882711,0.183199538311514
percent,13,1,0.372281009806036,0.315505150522354,0.120221414428387,0.191992425243224
percent,14,1,0.379401950190873,0.317909950654121,0.11151488400131,0.191173215153697
percent,15,1,0.375510925513566,0.321726629719755,0.116259243946733,0.186503200819946
percent,16,1,0.377320522932712,0.32128521342493,0.108036651760888,0.19335761188147
percent,17,1,0.377027312520027,0.323369349369518,0.11083726567725,0.188766072433205
percent,18,1,0.376540017498237,0.316656011002251,0.120528693674429,0.186275277825083
percent,19,1,0.381399415740048,0.318622700044752,0.118541309392721,0.18143657482248
percent,20,1,0.376636283302831,0.324905056169722,0.111785095751827,0.186673564775619
percent,21,1,0.370243102409817,0.320010639486011,0.114966268991832,0.194779989112341
percent,22,1,0.369984336991062,0.321324655223288,0.118165471457768,0.190525536327881
percent,23,1,0.375304726717948,0.322491501995596,0.114100218514376,0.18810355277208
percent,24,1,0.37494915510208,0.316988227557886,0.120794961885163,0.187267655454871
percent,25,1,0.37639257366181,0.321075383277388,0.113596394560973,0.188935648499829
percent,26,1,0.375862760103265,0.321558430824082,0.119922258892161,0.182656550180492
percent,27,1,0.374152212578198,0.323099138099713,0.116264729781392,0.186483919540698
percent,28,1,0.378050860546338,0.325271490576436,0.110012783014071,0.186664865863155
percent,29,1,0.375678416013506,0.31897789553883,0.120334325814759,0.185009362632905
percent,30,1,0.372790985764235,0.315244376162156,0.122548466563745,0.189416171509864
percent,31,1,0.37537893368154,0.322739262153871,0.114994520369571,0.186887283795018
percent,32,1,0.368127258080309,0.316297677321415,0.123092484872613,0.192482579725662
percent,33,1,0.377367059652117,0.319507789180113,0.110165149491337,0.192960001676433
percent,34,1,0.37025747749226,0.315081397058307,0.124923842695462,0.18973728275397
percent,35,1,0.378275243918433,0.321080848691468,0.113448233671818,0.187195673718281
percent,36,1,0.371932773649957,0.319205201896159,0.121584009241948,0.187278015211936
percent,37,1,0.377513279297734,0.32027214655103,0.114338448195438,0.187876125955798
percent,38,1,0.373961582278596,0.319277448349065,0.113542596876183,0.193218372496157
percent,39,1,0.37457400649974,0.320195766235914,0.117510424151665,0.18771980311268
percent,40,1,0.372014336727402,0.320680445523181,0.119916070031331,0.187389147718085
percent,41,1,0.376514052778728,0.320499193027132,0.115100403480269,0.187886350713871
percent,42,1,0.375807252580134,0.31813848472427,0.109028293220088,0.197025969475509
percent,43,1,0.369238778568728,0.322191458794027,0.121827276639092,0.186742485998153
percent,44,1,0.378691550873403,0.325975884967746,0.11232175557696,0.183010808581891
percent,45,1,0.376635566498218,0.322940957373133,0.12318008479564,0.177243391333009
percent,46,1,0.378412386803022,0.318666135431507,0.118676671756121,0.18424480600935
percent,47,1,0.375994042469215,0.317389932574935,0.120401032503315,0.186214992452536
percent,48,1,0.379837859696048,0.319622844202294,0.113833126241934,0.186706169859724
percent,49,1,0.370314819184408,0.320824202029417,0.124477907053177,0.184383071732998
percent,50,1,0.373581675636692,0.319924339526521,0.117760770498009,0.188733214338777
